    0:13.520     4056     (   20    0    0
    0:13.560     4068     N    0    0    0	{"MLII": [-12, 0, 9]}
    0:13.560     4068     +    0    0    0	P
    0:13.590     4077     )   20    0    0
    0:18.357     5507     (   20    0    0
    0:18.387     5516     N    0    0    0	{"MLII": [-9, 0, 5]}
    0:18.403     5521     )   20    0    0
    0:24.003     7201     (   24    0    0
    0:24.040     7212     p    0    0    0	{"MLII": 7.0}
    0:24.080     7224     )   24    0    0
    0:24.170     7251     (   20    0    0
    0:24.200     7260     N    0    0    0	{"MLII": [-9, 0, 5]}
    0:24.217     7265     )   20    0    0
    0:24.240     7272     (   27    0    0
    0:24.463     7339     t    0    0    0	{"MLII": -17.0}
    0:24.690     7407     )   27    0    0
    0:26.747     8024     (   20    0    0
    0:26.787     8036     N    0    0    0	{"MLII": [-12, 0, 5]}
    0:26.803     8041     )   20    0    0
    0:38.777    11633     (   20    0    0
    0:38.810    11643     N    0    0    0	{"MLII": [-10, 0, 6]}
    0:38.830    11649     )   20    0    0
    0:44.760    13428     (   20    0    0
    0:44.807    13442     N    0    0    0	{"MLII": [-14, -11, -10, -10, 0, 4]}
    0:44.820    13446     )   20    0    0
    0:47.060    14118     (   20    0    0
    0:47.097    14129     N    0    0    0	{"MLII": [-11, 0, 5]}
    0:47.097    14129     +    0    0    0	)
    0:47.113    14134     )   20    0    0
    0:59.650    17895     |    0    0    0
    1:27.433    26230     (   20    0    0
    1:27.457    26237     N    0    0    0	{"MLII": [-7, 0, 12]}
    1:27.497    26249     )   20    0    0
    2:02.120    36636     (   20    0    0
    2:02.153    36646     N    0    0    0	{"MLII": [-10, 0, 7]}
    2:02.177    36653     )   20    0    0
    2:34.810    46443     (   20    0    0
    2:34.833    46450     N    0    0    0	{"MLII": [-7, 0, 7]}
    2:34.857    46457     )   20    0    0
    3:07.533    56260     (   20    0    0
    3:07.577    56273     N    0    0    0	{"MLII": [-13, -10, -7, -7, 0, 14]}
    3:07.623    56287     )   20    0    0
    4:38.817    83645     (   20    0    0
    4:38.833    83650     N    0    0    0	{"MLII": [-5, 0, 7]}
    4:38.857    83657     )   20    0    0
    5:09.670    92901     (   20    0    0
    5:09.707    92912     N    0    0    0	{"MLII": [-11, 0, 8]}
    5:09.707    92912     +    0    0    0	P
    5:09.733    92920     )   20    0    0
    5:24.020    97206     (   20    0    0
    5:24.050    97215     N    0    0    0	{"MLII": [-9, 0, 5]}
    5:24.067    97220     )   20    0    0
    5:26.067    97820     (   20    0    0
    5:26.100    97830     N    0    0    0	{"MLII": [-10, 0, 12]}
    5:26.140    97842     )   20    0    0
    5:29.163    98749     (   20    0    0
    5:29.193    98758     N    0    0    0	{"MLII": [-9, 0, 11]}
    5:29.193    98758     +    0    0    0	(BK
    5:29.230    98769     )   20    0    0
    5:30.200    99060     (   20    0    0
    5:30.230    99069     N    0    0    0	{"MLII": [-9, 0, 10]}
    5:30.263    99079     )   20    0    0
    5:32.130    99639     (   20    0    0
    5:32.163    99649     N    0    0    0	{"MLII": [-10, 0, 7]}
    5:32.187    99656     )   20    0    0
    5:33.180    99954     (   20    0    0
    5:33.210    99963     N    0    0    0	{"MLII": [-9, 0, 9]}
    5:33.210    99963     +    0    0    0	(SBR
    5:33.240    99972     )   20    0    0
    5:34.327   100298     (   20    0    0
    5:34.353   100306     N    0    0    0	{"MLII": [-8, 0, 10]}
    5:34.387   100316     )   20    0    0
    5:35.350   100605     (   20    0    0
    5:35.380   100614     N    0    0    0	{"MLII": [-9, 0, 11]}
    5:35.417   100625     )   20    0    0
    5:36.427   100928     (   20    0    0
    5:36.457   100937     N    0    0    0	{"MLII": [-9, 0, 9]}
    5:36.487   100946     )   20    0    0
    5:37.520   101256     (   20    0    0
    5:37.550   101265     N    0    0    0	{"MLII": [-9, 0, 9]}
    5:37.580   101274     )   20    0    0
    5:38.600   101580     (   20    0    0
    5:38.630   101589     N    0    0    0	{"MLII": [-9, 0, 11]}
    5:38.667   101600     )   20    0    0
    5:39.683   101905     (   20    0    0
    5:39.710   101913     N    0    0    0	{"MLII": [-8, 0, 12]}
    5:39.750   101925     )   20    0    0
    5:40.753   102226     (   20    0    0
    5:40.787   102236     N    0    0    0	{"MLII": [-10, 0, 10]}
    5:40.820   102246     )   20    0    0
    5:41.840   102552     (   20    0    0
    5:41.870   102561     N    0    0    0	{"MLII": [-9, 0, 10]}
    5:41.903   102571     )   20    0    0
    5:42.913   102874     (   20    0    0
    5:42.943   102883     N    0    0    0	{"MLII": [-9, 0, 11]}
    5:42.980   102894     )   20    0    0
    5:44.057   103217     (   20    0    0
    5:44.090   103227     N    0    0    0	{"MLII": [-10, 0, 10]}
    5:44.123   103237     )   20    0    0
    5:45.067   103520     (   20    0    0
    5:45.100   103530     N    0    0    0	{"MLII": [-10, 0, 11]}
    5:45.137   103541     )   20    0    0
    5:46.203   103861     (   20    0    0
    5:46.233   103870     N    0    0    0	{"MLII": [-9, 0, 12]}
    5:46.273   103882     )   20    0    0
    5:47.233   104170     (   20    0    0
    5:47.267   104180     N    0    0    0	{"MLII": [-10, 0, 11]}
    5:47.303   104191     )   20    0    0
    5:48.120   104436     (   24    0    0
    5:48.163   104449     p    0    0    0	{"MLII": 4.0}
    5:48.207   104462     )   24    0    0
    5:48.293   104488     (   20    0    0
    5:48.323   104497     N    0    0    0	{"MLII": [-9, 0, 10]}
    5:48.323   104497     +    0    0    0	P
    5:48.357   104507     )   20    0    0
    5:48.460   104538     (   27    0    0
    5:48.627   104588     t    0    0    0	{"MLII": 19.0}
    5:48.793   104638     )   27    0    0
    5:54.487   106346     |    0    0    0
    5:56.450   106935     (   20    0    0
    5:56.480   106944     N    0    0    0	{"MLII": [-9, 0, 2, 2, 11, 16]}
    5:56.480   106944     +    0    0    0	(SBR
    5:56.533   106960     )   20    0    0
    5:57.533   107260     (   20    0    0
    5:57.560   107268     N    0    0    0	{"MLII": [-8, 0, 6]}
    5:57.560   107268     +    0    0    0	)
    5:57.580   107274     )   20    0    0
    6:10.247   111074     (   20    0    0
    6:10.293   111088     N    0    0    0	{"MLII": [-14, -9, -7, -7, 0, 7]}
    6:10.293   111088     +    0    0    0	P
    6:10.317   111095     )   20    0    0
    6:22.890   114867     (   20    0    0
    6:22.940   114882     N    0    0    0	{"MLII": [-15, -11, -7, -7, 0, 10]}
    6:22.940   114882     +    0    0    0	)
    6:22.973   114892     )   20    0    0
    7:01.503   126451     (   20    0    0
    7:01.540   126462     N    0    0    0	{"MLII": [-11, 0, 10]}
    7:01.573   126472     )   20    0    0
    7:47.327   140198     (   20    0    0
    7:47.363   140209     N    0    0    0	{"MLII": [-11, 0, 16]}
    7:47.417   140225     )   20    0    0
    7:47.560   140268     (   27    0    0
    7:47.703   140311     t    0    0    0	{"MLII": 29.0}
    7:47.847   140354     )   27    0    0
   20:44.027   373208     (   20    0    0
   20:44.060   373218     N    0    0    0	{"MLII": [-10, 0, 11]}
   20:44.060   373218     +    0    0    0	P
   20:44.097   373229     )   20    0    0
   20:46.310   373893     (   20    0    0
   20:46.340   373902     N    0    0    0	{"MLII": [-9, 0, 11]}
   20:46.377   373913     )   20    0    0
   20:54.840   376452     (   20    0    0
   20:54.880   376464     N    0    0    0	{"MLII": [-12, 0, 4]}
   20:54.893   376468     )   20    0    0
   20:57.237   377171     (   20    0    0
   20:57.270   377181     N    0    0    0	{"MLII": [-10, 0, 11]}
   20:57.307   377192     )   20    0    0
   20:59.597   377879     (   20    0    0
   20:59.630   377889     N    0    0    0	{"MLII": [-10, 0, 5]}
   20:59.647   377894     )   20    0    0
   21:24.763   385429     (   20    0    0
   21:24.800   385440     N    0    0    0	{"MLII": [-11, 0, 10]}
   21:24.800   385440     +    0    0    0	(BK
   21:24.833   385450     )   20    0    0
   21:25.983   385795     (   20    0    0
   21:26.003   385801     N    0    0    0	{"MLII": [-6, 0, 7]}
   21:26.003   385801     +    0    0    0	P
   21:26.027   385808     )   20    0    0
   21:28.370   386511     (   20    0    0
   21:28.403   386521     N    0    0    0	{"MLII": [-10, 0, 6]}
   21:28.423   386527     )   20    0    0
   21:30.740   387222     (   20    0    0
   21:30.777   387233     N    0    0    0	{"MLII": [-11, 0, 5]}
   21:30.793   387238     )   20    0    0
   21:39.043   389713     (   20    0    0
   21:39.090   389727     N    0    0    0	{"MLII": [-14, -12, -10, -10, 0, 5]}
   21:39.107   389732     )   20    0    0
   21:41.433   390430     (   20    0    0
   21:41.473   390442     N    0    0    0	{"MLII": [-12, 0, 4]}
   21:41.487   390446     )   20    0    0
   21:44.990   391497     (   20    0    0
   21:45.023   391507     N    0    0    0	{"MLII": [-10, 0, 4]}
   21:45.023   391507     +    0    0    0	(BK
   21:45.037   391511     )   20    0    0
   21:46.137   391841     (   20    0    0
   21:46.177   391853     N    0    0    0	{"MLII": [-12, 0, 9]}
   21:46.177   391853     +    0    0    0	)
   21:46.207   391862     )   20    0    0
   22:07.873   398362     (   20    0    0
   22:07.910   398373     N    0    0    0	{"MLII": [-11, 0, 5]}
   22:07.910   398373     +    0    0    0	P
   22:07.927   398378     )   20    0    0
   22:12.583   399775     (   20    0    0
   22:12.620   399786     N    0    0    0	{"MLII": [-11, 0, 5]}
   22:12.637   399791     )   20    0    0
   22:26.903   404071     (   20    0    0
   22:26.950   404085     N    0    0    0	{"MLII": [-14, -12, -10, -10, 0, 4]}
   22:26.963   404089     )   20    0    0
   22:29.270   404781     (   20    0    0
   22:29.307   404792     N    0    0    0	{"MLII": [-11, 0, 4]}
   22:29.307   404792     +    0    0    0	)
   22:29.320   404796     )   20    0    0
   24:12.967   435890     (   20    0    0
   24:13.000   435900     N    0    0    0	{"MLII": [-10, 0, 4]}
   24:13.000   435900     +    0    0    0	P
   24:13.013   435904     )   20    0    0
   24:16.520   436956     (   20    0    0
   24:16.557   436967     N    0    0    0	{"MLII": [-11, 0, 5]}
   24:16.557   436967     +    0    0    0	)
   24:16.573   436972     )   20    0    0
   25:19.090   455727     (   20    0    0
   25:19.123   455737     N    0    0    0	{"MLII": [-10, 0, 11]}
   25:19.123   455737     +    0    0    0	P
   25:19.160   455748     )   20    0    0
   25:27.607   458282     (   20    0    0
   25:27.640   458292     N    0    0    0	{"MLII": [-10, 0, 6]}
   25:27.660   458298     )   20    0    0
   25:32.827   459848     (   20    0    0
   25:32.850   459855     N    0    0    0	{"MLII": [-7, 0, 11]}
   25:32.887   459866     )   20    0    0
   25:35.503   460651     (   20    0    0
   25:35.537   460661     N    0    0    0	{"MLII": [-10, 0, 7]}
   25:35.537   460661     +    0    0    0	(N
   25:35.560   460668     )   20    0    0
   25:36.223   460867     (   20    0    0
   25:36.253   460876     N    0    0    0	{"MLII": [-9, 0, 11]}
   25:36.253   460876     +    0    0    0	P
   25:36.290   460887     )   20    0    0
   25:38.943   461683     (   20    0    0
   25:38.973   461692     N    0    0    0	{"MLII": [-9, 0, 12]}
   25:38.973   461692     +    0    0    0	)
   25:39.013   461704     )   20    0    0
   26:17.207   473162     (   20    0    0
   26:17.240   473172     N    0    0    0	{"MLII": [-10, 0, 12]}
   26:17.240   473172     +    0    0    0	(SBR
   26:17.280   473184     )   20    0    0
   26:18.510   473553     (   20    0    0
   26:18.543   473563     N    0    0    0	{"MLII": [-10, 0, 5]}
   26:18.560   473568     )   20    0    0
   26:19.753   473926     (   20    0    0
   26:19.793   473938     N    0    0    0	{"MLII": [-12, 0, 5]}
   26:19.793   473938     +    0    0    0	P
   26:19.810   473943     )   20    0    0
   26:24.170   475251     (   24    0    0
   26:24.207   475262     p    0    0    0	{"MLII": 8.0}
   26:24.247   475274     )   24    0    0
   26:24.333   475300     (   20    0    0
   26:24.370   475311     N    0    0    0	{"MLII": [-11, 0, 6]}
   26:24.390   475317     )   20    0    0
   26:24.390   475317     (   27    0    0
   26:24.607   475382     t    0    0    0	{"MLII": 12.0}
   26:24.823   475447     )   27    0    0
   26:26.677   476003     (   20    0    0
   26:26.740   476022     N    0    0    0	{"MLII": [-19, -12, -11, -11, 0, 4]}
   26:26.740   476022     +    0    0    0	(SBR
   26:26.753   476026     )   20    0    0
   26:27.880   476364     (   20    0    0
   26:27.910   476373     N    0    0    0	{"MLII": [-9, 0, 11]}
   26:27.947   476384     )   20    0    0
   26:29.050   476715     (   20    0    0
   26:29.097   476729     N    0    0    0	{"MLII": [-14, -11, -10, -10, 0, 10]}
   26:29.130   476739     )   20    0    0
   26:30.193   477058     (   20    0    0
   26:30.237   477071     N    0    0    0	{"MLII": [-13, -11, -11, -11, 0, 11]}
   26:30.273   477082     )   20    0    0
   26:31.363   477409     (   20    0    0
   26:31.407   477422     N    0    0    0	{"MLII": [-13, -11, -10, -10, 0, 11]}
   26:31.443   477433     )   20    0    0
   26:32.490   477747     (   20    0    0
   26:32.533   477760     N    0    0    0	{"MLII": [-13, -11, -10, -10, 0, 11]}
   26:32.570   477771     )   20    0    0
   26:33.653   478096     (   20    0    0
   26:33.697   478109     N    0    0    0	{"MLII": [-13, -11, -10, -10, 0, 11]}
   26:33.733   478120     )   20    0    0
   26:34.823   478447     (   20    0    0
   26:34.840   478452     N    0    0    0	{"MLII": [-5, 0, 11]}
   26:34.877   478463     )   20    0    0
   26:36.120   478836     (   20    0    0
   26:36.153   478846     N    0    0    0	{"MLII": [-10, 0, 11]}
   26:36.153   478846     +    0    0    0	P
   26:36.190   478857     )   20    0    0
   26:38.513   479554     (   20    0    0
   26:38.550   479565     N    0    0    0	{"MLII": [-11, 0, 5]}
   26:38.567   479570     )   20    0    0
   26:43.323   480997     (   20    0    0
   26:43.357   481007     N    0    0    0	{"MLII": [-10, 0, 6]}
   26:43.377   481013     )   20    0    0
   26:45.650   481695     (   20    0    0
   26:45.693   481708     N    0    0    0	{"MLII": [-13, -10, -8, -8, 0, 11]}
   26:45.693   481708     +    0    0    0	(SBR
   26:45.730   481719     )   20    0    0
   26:46.810   482043     (   20    0    0
   26:46.840   482052     N    0    0    0	{"MLII": [-9, 0, 5]}
   26:46.857   482057     )   20    0    0
   26:48.073   482422     (   20    0    0
   26:48.107   482432     N    0    0    0	{"MLII": [-10, 0, 5]}
   26:48.123   482437     )   20    0    0
   26:49.320   482796     (   20    0    0
   26:49.353   482806     N    0    0    0	{"MLII": [-10, 0, 5]}
   26:49.370   482811     )   20    0    0
   26:50.507   483152     (   20    0    0
   26:50.540   483162     N    0    0    0	{"MLII": [-10, 0, 5]}
   26:50.557   483167     )   20    0    0
   26:51.703   483511     (   20    0    0
   26:51.737   483521     N    0    0    0	{"MLII": [-10, 0, 5]}
   26:51.753   483526     )   20    0    0
   26:52.863   483859     (   20    0    0
   26:52.897   483869     N    0    0    0	{"MLII": [-10, 0, 5]}
   26:52.897   483869     +    0    0    0	)
   26:52.913   483874     )   20    0    0
   26:55.240   484572     (   20    0    0
   26:55.277   484583     N    0    0    0	{"MLII": [-11, 0, 5]}
   26:55.277   484583     +    0    0    0	P
   26:55.293   484588     )   20    0    0
   27:22.700   492810     (   20    0    0
   27:22.733   492820     N    0    0    0	{"MLII": [-10, 0, 8]}
   27:22.760   492828     )   20    0    0
   27:25.153   493546     (   20    0    0
   27:25.160   493548     N    0    0    0	{"MLII": [-2, 0, 3, 3, 12, 16]}
   27:25.213   493564     )   20    0    0
   27:27.600   494280     (   20    0    0
   27:27.630   494289     N    0    0    0	{"MLII": [-9, 0, 12]}
   27:27.670   494301     )   20    0    0
   27:33.343   496003     (   24    0    0
   27:33.387   496016     p    0    0    0	{"MLII": 3.0}
   27:33.433   496030     )   24    0    0
   27:33.513   496054     (   20    0    0
   27:33.553   496066     N    0    0    0	{"MLII": [-12, 0, 4]}
   27:33.553   496066     +    0    0    0	)
   27:33.567   496070     )   20    0    0
   27:33.567   496070     (   27    0    0
   27:33.727   496118     t    0    0    0	{"MLII": 13.0}
   27:33.890   496167     )   27    0    0
   28:14.160   508248     (   20    0    0
   28:14.193   508258     N    0    0    0	{"MLII": [-10, 0, 6]}
   28:14.193   508258     +    0    0    0	P
   28:14.213   508264     )   20    0    0
   28:23.527   511058     (   20    0    0
   28:23.560   511068     N    0    0    0	{"MLII": [-10, 0, 11]}
   28:23.597   511079     )   20    0    0
   28:26.090   511827     (   20    0    0
   28:26.130   511839     N    0    0    0	{"MLII": [-12, 0, 5]}
   28:26.147   511844     )   20    0    0
   28:33.217   513965     (   20    0    0
   28:33.247   513974     N    0    0    0	{"MLII": [-9, 0, 5]}
   28:33.263   513979     )   20    0    0
   28:35.497   514649     (   20    0    0
   28:35.503   514651     N    0    0    0	{"MLII": [-2, 0, 2, 2, 11, 16]}
   28:35.557   514667     )   20    0    0
   28:43.770   517131     (   20    0    0
   28:43.810   517143     N    0    0    0	{"MLII": [-12, 0, 9]}
   28:43.840   517152     )   20    0    0
   28:47.307   518192     (   20    0    0
   28:47.340   518202     N    0    0    0	{"MLII": [-10, 0, 11]}
   28:47.377   518213     )   20    0    0
   29:06.147   523844     (   20    0    0
   29:06.193   523858     N    0    0    0	{"MLII": [-14, -10, -8, -8, 0, 6]}
   29:06.213   523864     )   20    0    0
   29:09.600   524880     (   20    0    0
   29:09.637   524891     N    0    0    0	{"MLII": [-11, 0, 5]}
   29:09.653   524896     )   20    0    0
   29:11.857   525557     (   20    0    0
   29:11.893   525568     N    0    0    0	{"MLII": [-11, 0, 5]}
   29:11.893   525568     +    0    0    0	(BK
   29:11.910   525573     )   20    0    0
   29:13.147   525944     (   20    0    0
   29:13.177   525953     N    0    0    0	{"MLII": [-9, 0, 9]}
   29:13.177   525953     +    0    0    0	(EXT
   29:13.207   525962     )   20    0    0
   29:13.873   526162     (   20    0    0
   29:13.897   526169     N    0    0    0	{"MLII": [-7, 0, 11]}
   29:13.933   526180     )   20    0    0
   29:15.340   526602     (   20    0    0
   29:15.380   526614     N    0    0    0	{"MLII": [-12, 0, 7]}
   29:15.380   526614     +    0    0    0	P
   29:15.403   526621     )   20    0    0
   29:17.707   527312     (   20    0    0
   29:17.740   527322     N    0    0    0	{"MLII": [-10, 0, 6]}
   29:17.760   527328     )   20    0    0
   29:21.027   528308     (   20    0    0
   29:21.060   528318     N    0    0    0	{"MLII": [-10, 0, 10]}
   29:21.060   528318     +    0    0    0	(BK
   29:21.093   528328     )   20    0    0
   29:22.190   528657     (   20    0    0
   29:22.230   528669     N    0    0    0	{"MLII": [-12, 0, 9]}
   29:22.230   528669     +    0    0    0	P
   29:22.260   528678     )   20    0    0
   29:25.550   529665     (   20    0    0
   29:25.583   529675     N    0    0    0	{"MLII": [-10, 0, 5]}
   29:25.600   529680     )   20    0    0
   29:32.530   531759     (   20    0    0
   29:32.567   531770     N    0    0    0	{"MLII": [-11, 0, 6]}
   29:32.567   531770     +    0    0    0	(BK
   29:32.587   531776     )   20    0    0
   29:33.740   532122     (   20    0    0
   29:33.770   532131     N    0    0    0	{"MLII": [-9, 0, 7]}
   29:33.770   532131     +    0    0    0	P
   29:33.793   532138     )   20    0    0
   29:36.783   533035     (   20    0    0
   29:36.810   533043     N    0    0    0	{"MLII": [-8, 0, 11]}
   29:36.810   533043     +    0    0    0	)
   29:36.847   533054     )   20    0    0
